0 0.336144 0.615135 0.127712 0.270000
2 0.931528 0.464095 0.090899 0.227378
2 0.843190 0.461135 0.062426 0.177243
1 0.472810 0.519027 0.026356 0.182919
2 0.663660 0.471824 0.036275 0.108892
1 0.338983 0.528973 0.020139 0.207297
2 0.713386 0.470865 0.023521 0.123838
1 0.173836 0.557108 0.026822 0.155784
1 0.166818 0.564514 0.024616 0.150649
2 0.264792 0.553757 0.066691 0.197568
1 0.209179 0.556203 0.023113 0.156297
1 0.185106 0.563608 0.026095 0.193324
1 0.281528 0.536514 0.016536 0.193405
0 0.964199 0.426243 0.069967 0.109027
0 0.892680 0.456095 0.105212 0.092676