0 0.947194 0.569622 0.103979 0.138865
0 0.894428 0.562716 0.102435 0.131811
0 0.825703 0.562595 0.094755 0.142054
0 0.506238 0.507081 0.027933 0.081946
1 0.829808 0.645014 0.066446 0.473162
1 0.849943 0.651514 0.068627 0.410973
1 0.525511 0.593284 0.046021 0.340243
1 0.231585 0.515892 0.029608 0.189081
1 0.269350 0.515595 0.016070 0.185730
1 0.280139 0.526108 0.033693 0.193730
1 0.280997 0.546824 0.028595 0.244081
1 0.328431 0.547662 0.034853 0.217973
1 0.190829 0.529432 0.025596 0.221514
1 0.225813 0.530405 0.023962 0.216324
1 0.253015 0.538324 0.022059 0.194000
1 0.247157 0.528095 0.021242 0.196135