0 0.946793 0.567270 0.104779 0.138649
0 0.894391 0.562919 0.101871 0.131784
0 0.825801 0.562243 0.094690 0.142000
0 0.506181 0.507405 0.027868 0.081946
1 0.163243 0.473986 0.013480 0.128405
1 0.211401 0.502135 0.018064 0.171838
2 0.549261 0.530338 0.047639 0.243000
1 0.202659 0.480986 0.013521 0.131324
1 0.372304 0.571581 0.029036 0.295378
1 0.406638 0.562784 0.057574 0.281351
1 0.441993 0.572811 0.038415 0.313189
1 0.652578 0.627095 0.051250 0.445757
1 0.661238 0.614635 0.056920 0.398568
1 0.484420 0.643324 0.047304 0.420486
1 0.510515 0.618324 0.045899 0.397297
1 0.550531 0.611108 0.037484 0.349027
1 0.394142 0.588851 0.032451 0.335432