1 0.535302 0.473486 0.017108 0.156811
1 0.244641 0.536851 0.031454 0.327595
1 0.719571 0.747378 0.074420 0.499838
1 0.790739 0.727527 0.087819 0.539541
1 0.505560 0.485784 0.028897 0.180595
1 0.526422 0.539378 0.031667 0.327189
1 0.522320 0.516689 0.027925 0.290892
1 0.482982 0.540635 0.032108 0.323919
1 0.461993 0.536527 0.032925 0.335216
1 0.430462 0.477243 0.023521 0.179297
1 0.448382 0.469311 0.016144 0.188027
1 0.422320 0.471757 0.018023 0.173568
1 0.401793 0.475986 0.018292 0.183432
1 0.338423 0.475324 0.019657 0.182919
1 0.357578 0.480676 0.016397 0.160486
1 0.378015 0.472338 0.017353 0.183054