1 0.643518 0.680401 0.056002 0.476471
1 0.702258 0.663262 0.067585 0.487005
1 0.040481 0.693396 0.062738 0.486845
1 0.315392 0.592179 0.038506 0.292807
1 0.546058 0.550027 0.021809 0.204064
1 0.706753 0.575655 0.066995 0.309118
1 0.915242 0.582647 0.071616 0.411551
1 0.835271 0.563824 0.039313 0.323904
1 0.364943 0.565481 0.026931 0.200160
1 0.338247 0.563783 0.025848 0.205909
1 0.963417 0.574465 0.062730 0.391283
0 0.442084 0.492045 0.025638 0.085695
0 0.370683 0.517166 0.065985 0.184064
3 0.394976 0.508209 0.042278 0.140588