0 0.947079 0.568959 0.104208 0.138784
0 0.894416 0.562770 0.102279 0.131811
0 0.825731 0.562500 0.094730 0.142027
0 0.506225 0.507162 0.027908 0.081946
1 0.694183 0.634135 0.053644 0.438541
1 0.238664 0.532757 0.043489 0.216270
1 0.276654 0.530689 0.040842 0.208622
1 0.301315 0.536757 0.022876 0.220757
1 0.353493 0.565838 0.045204 0.281351
1 0.390650 0.558338 0.034044 0.249162
1 0.241001 0.559770 0.026691 0.259865
1 0.275768 0.554230 0.021242 0.249703
1 0.304592 0.556662 0.028595 0.222459
1 0.253958 0.539027 0.023962 0.223892