0 0.946479 0.565419 0.105408 0.138459
0 0.894359 0.563068 0.101413 0.131757
0 0.825878 0.561973 0.094632 0.141946
0 0.506140 0.507662 0.027819 0.081973
2 0.566275 0.626270 0.106356 0.369568
2 0.635956 0.587581 0.116520 0.351649
2 0.342729 0.539838 0.032467 0.174865
1 0.157455 0.467108 0.017230 0.128324
1 0.023713 0.542838 0.047426 0.306000
1 0.176781 0.499973 0.020915 0.169784
1 0.152655 0.492257 0.021895 0.173054
1 0.689698 0.648554 0.057908 0.493811
1 0.705699 0.630000 0.053031 0.459838
1 0.812435 0.640459 0.064804 0.536703
1 0.834461 0.690649 0.088203 0.613297