0 0.946957 0.568230 0.104453 0.138730
0 0.894404 0.562824 0.102108 0.131811
0 0.825764 0.562378 0.094714 0.142000
0 0.506209 0.507270 0.027892 0.081946
1 0.162884 0.473959 0.013889 0.127162
1 0.254592 0.496635 0.014706 0.139000
2 0.430584 0.498730 0.020531 0.131622
1 0.219951 0.474446 0.014428 0.116297
1 0.287443 0.549730 0.030229 0.245838
1 0.313088 0.544257 0.046046 0.235703
1 0.343640 0.554162 0.039485 0.254649
1 0.445535 0.588932 0.039763 0.335865
1 0.485678 0.576459 0.046291 0.296432
1 0.320997 0.589324 0.032680 0.310486
1 0.359359 0.576500 0.035678 0.297757
1 0.389514 0.572162 0.039485 0.262757
1 0.288897 0.560622 0.033219 0.265568