0 0.946569 0.565946 0.105229 0.138486
0 0.894367 0.563027 0.101544 0.131784
0 0.825858 0.562054 0.094657 0.141946
0 0.506152 0.507595 0.027827 0.081946
2 0.454118 0.574554 0.054902 0.255216
2 0.506054 0.553568 0.056650 0.248324
2 0.388435 0.512446 0.019992 0.115865
1 0.155351 0.466649 0.014150 0.128216
1 0.085180 0.526216 0.034477 0.251892
1 0.200809 0.495932 0.018856 0.155595
1 0.174440 0.488081 0.019126 0.157838
1 0.567365 0.619784 0.044142 0.412541
1 0.604506 0.601824 0.054028 0.389811
1 0.669330 0.612581 0.098987 0.453703
1 0.952586 0.690811 0.093194 0.612973
1 0.663346 0.648041 0.063913 0.503649