0 0.946426 0.565122 0.105515 0.138405
0 0.894350 0.563095 0.101348 0.131757
0 0.825891 0.561932 0.094624 0.141919
0 0.506132 0.507716 0.027802 0.081973
2 0.649845 0.645730 0.129902 0.419405
2 0.797267 0.603311 0.153554 0.438676
2 0.292422 0.570581 0.050956 0.244838
1 0.157418 0.467405 0.017124 0.128378
1 0.160915 0.502338 0.021520 0.178946
1 0.135486 0.492662 0.022328 0.182676
1 0.775302 0.684041 0.062092 0.556568
1 0.792341 0.651378 0.058554 0.515892
1 0.897002 0.670108 0.067271 0.607784
1 0.947614 0.687297 0.103137 0.620000