0 0.947136 0.569284 0.104093 0.138838
0 0.894424 0.562743 0.102361 0.131811
0 0.825715 0.562554 0.094747 0.142027
0 0.506234 0.507135 0.027925 0.081946
1 0.938403 0.678446 0.067263 0.526784
1 0.945899 0.678284 0.045147 0.449216
1 0.599865 0.611284 0.054191 0.383649
1 0.223374 0.523662 0.017974 0.203432
1 0.273092 0.520027 0.024240 0.196919
1 0.283583 0.532716 0.015253 0.205703
1 0.310764 0.557824 0.030776 0.263108
1 0.352549 0.552027 0.032141 0.232054
1 0.210788 0.538959 0.028864 0.239486
1 0.247222 0.541838 0.028056 0.232378
1 0.273836 0.548851 0.024240 0.207811
1 0.245204 0.533878 0.035752 0.209162