0 0.946736 0.566946 0.104894 0.138595
0 0.894383 0.562946 0.101789 0.131784
0 0.825813 0.562203 0.094681 0.141973
0 0.506176 0.507459 0.027859 0.081946
2 0.392157 0.516770 0.023595 0.125324
1 0.187896 0.506730 0.022067 0.186703
2 0.626377 0.547865 0.063374 0.312541
1 0.219028 0.486419 0.015850 0.135108
1 0.193227 0.480432 0.015948 0.136973
1 0.409951 0.589432 0.036471 0.319676
1 0.444440 0.567703 0.062296 0.304216
1 0.486601 0.585378 0.046716 0.342270
1 0.750372 0.649108 0.067116 0.507297
1 0.756969 0.635149 0.065229 0.449162
1 0.564690 0.659527 0.062173 0.477108
1 0.575682 0.635730 0.043472 0.446757
1 0.621140 0.626027 0.051070 0.384973
1 0.445167 0.605568 0.040596 0.370054