0 0.946605 0.566176 0.105155 0.138514
0 0.894371 0.563000 0.101601 0.131784
0 0.825846 0.562081 0.094665 0.141946
0 0.506156 0.507568 0.027835 0.081946
2 0.427635 0.553635 0.042623 0.213162
2 0.469951 0.536203 0.049477 0.209378
2 0.400192 0.505473 0.017083 0.101000
1 0.155539 0.466595 0.013350 0.128108
1 0.115257 0.519797 0.029681 0.233000
1 0.212676 0.494230 0.016887 0.150135
1 0.180629 0.486459 0.019608 0.152162
1 0.523730 0.608541 0.038129 0.386162
1 0.557484 0.590054 0.049020 0.364811
1 0.610462 0.605189 0.057737 0.425135
1 0.845466 0.706459 0.093954 0.581676
1 0.852455 0.698378 0.099404 0.597838
1 0.879661 0.692108 0.087688 0.517405
1 0.604093 0.635149 0.048203 0.464459