1 0.662298 0.690441 0.066292 0.576658
1 0.812217 0.559626 0.049523 0.484064
1 0.918082 0.575856 0.037132 0.456150
1 0.194879 0.802179 0.106236 0.390294
1 0.238150 0.800922 0.080258 0.392807
1 0.325824 0.646016 0.060065 0.219412
1 0.254152 0.782821 0.084055 0.366230
1 0.415485 0.545040 0.017674 0.201952
1 0.395763 0.546150 0.019717 0.190909
1 0.467314 0.532152 0.018764 0.182433
1 0.487863 0.505749 0.014838 0.137487
1 0.502670 0.529652 0.015145 0.174866
1 0.560271 0.501511 0.015275 0.153824
0 0.438405 0.484906 0.024321 0.062380
1 0.399919 0.528476 0.032585 0.175080
1 0.519580 0.521925 0.014491 0.158021