0 0.319473 0.634324 0.146021 0.303351
2 0.971266 0.462432 0.055833 0.246270
2 0.893456 0.458811 0.068938 0.189405
1 0.482459 0.520122 0.027598 0.195973
2 0.690801 0.468095 0.037941 0.112676
1 0.337484 0.533446 0.023366 0.223703
2 0.723795 0.468905 0.023946 0.129811
1 0.164555 0.562500 0.029208 0.165432
1 0.148877 0.569905 0.025498 0.160027
2 0.267913 0.557581 0.069453 0.208189
1 0.181332 0.562257 0.025572 0.166405
1 0.153358 0.570446 0.033235 0.208622
1 0.258709 0.544946 0.018840 0.205622
0 0.974208 0.419662 0.049951 0.113378
0 0.912071 0.451297 0.110842 0.096649