0 0.946904 0.567932 0.104559 0.138676
0 0.894400 0.562851 0.102034 0.131811
0 0.825776 0.562338 0.094706 0.141973
0 0.506197 0.507324 0.027884 0.081946
1 0.163991 0.475230 0.013472 0.127541
1 0.241524 0.497824 0.019567 0.147378
2 0.456234 0.501932 0.028088 0.156622
1 0.213321 0.476811 0.013358 0.120324
1 0.311258 0.556216 0.033758 0.260432
1 0.337218 0.550824 0.027443 0.249595
1 0.365927 0.561689 0.056740 0.270784
1 0.502696 0.601014 0.049542 0.365973
1 0.540527 0.586541 0.043227 0.319243
1 0.364224 0.601122 0.038464 0.339757
1 0.399179 0.586635 0.051887 0.323108
1 0.430302 0.584459 0.035572 0.282378
1 0.314804 0.567878 0.029542 0.284351