0 0.607542 0.605638 0.088815 0.203138
0 0.073836 0.655226 0.147671 0.350346
0 0.273066 0.670585 0.169629 0.334840
0 0.381624 0.561436 0.064923 0.157926
0 0.545749 0.534681 0.041233 0.101330
0 0.257836 0.571223 0.085842 0.153351
0 0.408969 0.541476 0.044287 0.105718
0 0.331176 0.539787 0.049396 0.096064
0 0.368227 0.527434 0.033521 0.072686
0 0.437220 0.516330 0.021450 0.053457
3 0.400210 0.498989 0.025125 0.062979
0 0.483421 0.511024 0.019573 0.060771
0 0.512728 0.508816 0.016301 0.048750
0 0.503578 0.505997 0.014891 0.042686
3 0.046193 0.491250 0.092385 0.179202