0 0.946524 0.565689 0.105319 0.138459
0 0.894359 0.563054 0.101479 0.131784
0 0.825866 0.562014 0.094641 0.141919
0 0.506144 0.507635 0.027827 0.081973
2 0.506152 0.596649 0.074477 0.312270
2 0.555474 0.571743 0.081879 0.298676
2 0.369636 0.523676 0.024518 0.139405
1 0.156172 0.466851 0.012525 0.128297
1 0.047496 0.529919 0.036430 0.277135
1 0.187647 0.498068 0.020768 0.162405
1 0.164596 0.489095 0.018587 0.165108
1 0.624861 0.630770 0.051487 0.450027
1 0.654187 0.616635 0.050335 0.421270
1 0.740556 0.623216 0.066944 0.489189
1 0.739567 0.668662 0.072810 0.551757