0 0.349763 0.599608 0.113301 0.243216
2 0.876095 0.465986 0.079101 0.205973
2 0.798828 0.462892 0.057051 0.166054
1 0.460719 0.518068 0.025327 0.171486
2 0.638284 0.475324 0.034771 0.105351
1 0.338640 0.525095 0.018554 0.193108
2 0.703068 0.471662 0.022802 0.117865
1 0.181887 0.552338 0.017467 0.147270
1 0.178583 0.558865 0.020678 0.141838
2 0.264698 0.550230 0.063840 0.186946
1 0.238415 0.549162 0.023497 0.146486
1 0.215927 0.557703 0.027263 0.180108
1 0.305670 0.525351 0.019542 0.182108
0 0.955016 0.432297 0.088333 0.105189
0 0.874779 0.460514 0.100098 0.089027