0 0.946683 0.566635 0.105000 0.138568
0 0.894379 0.562973 0.101716 0.131784
0 0.825825 0.562149 0.094673 0.141973
0 0.506168 0.507500 0.027843 0.081973
2 0.395351 0.527122 0.029984 0.153757
2 0.416348 0.495959 0.013007 0.080514
1 0.161356 0.466365 0.014150 0.127865
1 0.163889 0.512000 0.027778 0.202432
2 0.720106 0.586689 0.096797 0.414892
1 0.213954 0.487311 0.015801 0.140568
1 0.187741 0.482878 0.019338 0.142351
1 0.458223 0.599824 0.045204 0.340946
1 0.490025 0.574649 0.043709 0.325351
1 0.536454 0.588554 0.042761 0.370351
1 0.860441 0.677608 0.102941 0.581649
1 0.874567 0.660041 0.096944 0.507703
1 0.660339 0.666189 0.087966 0.546054
1 0.689947 0.655568 0.055825 0.503135
1 0.699350 0.641784 0.049289 0.425243
1 0.507729 0.616122 0.058007 0.401324