1 0.305147 0.579514 0.037304 0.311892
0 0.463039 0.505622 0.037092 0.103189
1 0.241136 0.517108 0.022059 0.178973
1 0.118917 0.520284 0.030498 0.231000
1 0.143787 0.481297 0.024600 0.158108
0 0.765539 0.568162 0.144690 0.155838
0 0.828864 0.554027 0.088382 0.130216
0 0.893922 0.557432 0.098742 0.124649
0 0.947766 0.559149 0.102835 0.126243
1 0.110743 0.523014 0.021242 0.212946
1 0.163472 0.483095 0.015801 0.174405
1 0.136593 0.491784 0.021242 0.154757
1 0.219975 0.499689 0.015523 0.143919
1 0.201797 0.492243 0.014984 0.151297
1 0.180192 0.491108 0.016887 0.142378
0 0.506087 0.502149 0.029461 0.076243