1 0.373676 0.593459 0.045278 0.353351
0 0.454289 0.525365 0.053350 0.144405
1 0.213554 0.524892 0.027337 0.201027
1 0.120020 0.523635 0.026315 0.231649
1 0.124685 0.481311 0.015923 0.170027
0 0.913243 0.576865 0.157467 0.156162
0 0.828824 0.554027 0.088382 0.130216
0 0.893881 0.557432 0.098725 0.124649
0 0.947745 0.559149 0.102876 0.126243
1 0.112508 0.521986 0.023301 0.211595
1 0.170425 0.487716 0.020441 0.184514
1 0.145976 0.493568 0.018864 0.164486
1 0.209824 0.486162 0.013292 0.143081
1 0.184158 0.490041 0.013676 0.135324
0 0.506066 0.502149 0.029453 0.076243