0 0.946646 0.566405 0.105074 0.138541
0 0.894375 0.562973 0.101658 0.131784
0 0.825837 0.562108 0.094665 0.141946
0 0.506160 0.507527 0.027843 0.081973
2 0.409567 0.538054 0.036258 0.179568
2 0.438713 0.524797 0.039779 0.179000
2 0.409163 0.500176 0.014779 0.089595
1 0.156695 0.466541 0.012525 0.128000
1 0.141217 0.516473 0.032124 0.216622
2 0.859910 0.623932 0.151585 0.516351
1 0.214632 0.492919 0.017353 0.145081
1 0.185315 0.484568 0.016936 0.146919
1 0.487026 0.600351 0.041307 0.362162
1 0.517892 0.579649 0.041520 0.342054
1 0.559020 0.600635 0.050261 0.395757
1 0.962267 0.693419 0.073832 0.607757
1 0.961585 0.670649 0.075196 0.528811
1 0.746609 0.699608 0.099673 0.595378
1 0.753088 0.680581 0.087810 0.555000
1 0.777373 0.660405 0.066577 0.465297
1 0.552917 0.624622 0.054951 0.429622