1 0.558905 0.469189 0.014706 0.153189
1 0.225245 0.535216 0.031863 0.329297
1 0.808538 0.681176 0.179297 0.632243
1 0.890384 0.656500 0.189820 0.681595
1 0.637745 0.610838 0.062908 0.446919
1 0.578509 0.608149 0.047116 0.432946
1 0.709502 0.601635 0.053382 0.445378
1 0.766740 0.606459 0.043578 0.425676
1 0.796483 0.553027 0.035678 0.209514
1 0.420768 0.597135 0.039216 0.418541
1 0.448231 0.591189 0.024240 0.350973
1 0.481716 0.568338 0.035408 0.383432
1 0.517386 0.586730 0.028056 0.314649
1 0.531961 0.553189 0.031046 0.337676
1 0.402328 0.510595 0.024788 0.248324
1 0.468178 0.511014 0.022059 0.228297
1 0.496761 0.507108 0.023423 0.247568
1 0.541556 0.500054 0.033342 0.234108