1 0.569097 0.477878 0.014306 0.155486
1 0.239453 0.531446 0.031225 0.324514
1 0.775891 0.692459 0.081487 0.609676
1 0.757958 0.631324 0.065490 0.523243
1 0.687132 0.673905 0.114837 0.603108
1 0.707038 0.690149 0.078848 0.614297
1 0.478558 0.511608 0.032247 0.258027
1 0.508709 0.496365 0.032614 0.267378
1 0.473174 0.492986 0.027100 0.224351
1 0.445903 0.500000 0.029583 0.231189
1 0.499457 0.485973 0.028292 0.187514
1 0.371863 0.499635 0.020784 0.235108
1 0.392704 0.498919 0.017892 0.199946
1 0.409093 0.483162 0.021029 0.223514
1 0.433533 0.505311 0.017623 0.185703