0 0.298558 0.658649 0.169943 0.346000
2 0.950347 0.455824 0.077018 0.202622
1 0.494620 0.522419 0.030989 0.209865
2 0.720674 0.466770 0.039469 0.115919
1 0.337120 0.542392 0.027900 0.241216
2 0.734146 0.465662 0.024028 0.135703
1 0.147557 0.567865 0.022647 0.175514
1 0.131164 0.574959 0.023619 0.169919
2 0.274493 0.561757 0.072533 0.218757
1 0.152157 0.569149 0.029918 0.177919
1 0.117908 0.578473 0.035703 0.224297
1 0.233011 0.550027 0.021577 0.218811
0 0.985155 0.413203 0.028056 0.117054
0 0.931074 0.451230 0.116642 0.100730