1 0.234220 0.512365 0.022606 0.181270
1 0.315298 0.494527 0.015253 0.119703
1 0.115956 0.521230 0.026144 0.232405
1 0.216895 0.475149 0.013350 0.119811
0 0.462365 0.503986 0.030678 0.076189
0 0.829048 0.554027 0.088423 0.130216
0 0.894118 0.557446 0.098775 0.124676
0 0.947851 0.559162 0.102663 0.126270
1 0.102737 0.523797 0.031863 0.215649
1 0.252541 0.478203 0.014706 0.129000
1 0.234783 0.484824 0.022443 0.113703
1 0.154706 0.523419 0.020425 0.203541
1 0.118256 0.509730 0.019877 0.208919
1 0.913946 0.722284 0.111111 0.550027
1 0.106667 0.514446 0.017974 0.176784
1 0.077569 0.509257 0.028864 0.198514
0 0.506164 0.502149 0.029469 0.076243