0 0.362659 0.582122 0.100025 0.218568
2 0.829841 0.467622 0.069959 0.188432
2 0.759657 0.464432 0.052549 0.156216
1 0.455249 0.514932 0.020172 0.160243
2 0.614502 0.478595 0.033431 0.102054
1 0.338423 0.523500 0.017451 0.178676
2 0.692888 0.472500 0.022083 0.112135
1 0.194502 0.548216 0.018154 0.138054
1 0.189032 0.552703 0.019747 0.133135
2 0.265135 0.546608 0.060498 0.176676
1 0.258591 0.541243 0.018570 0.137027
1 0.242925 0.552541 0.029984 0.168595
1 0.326005 0.520203 0.019118 0.170297
0 0.946565 0.437824 0.105237 0.101649
0 0.856520 0.464432 0.094412 0.084757