1 0.731805 0.680588 0.086163 0.633476
1 0.843352 0.582420 0.058966 0.547727
1 0.991620 0.594532 0.015145 0.528422
1 0.119338 0.816858 0.145590 0.360936
1 0.188611 0.812928 0.105832 0.368797
1 0.312561 0.660709 0.068481 0.249706
1 0.215913 0.813503 0.107383 0.367647
1 0.424515 0.547152 0.019111 0.227086
1 0.401519 0.546725 0.022342 0.215267
1 0.476204 0.526765 0.019919 0.188984
1 0.499136 0.498864 0.013328 0.140668
1 0.515985 0.524545 0.014814 0.181711
1 0.572670 0.496203 0.016696 0.159251
0 0.450097 0.479211 0.024943 0.064519
1 0.391688 0.526578 0.033150 0.182086
1 0.539992 0.515428 0.013732 0.162781